# Created by Octave 4.2.1, Wed Jul 19 00:01:46 2017 GMT <unknown@unknown>
# name: price
# type: matrix
# rows: 1459
# columns: 1
 109871
 171636
 179079
 206883
 186045
 185559
 196454
 175641
 205324
 109474
 202871
 110207
 87137
 147551
 107344
 348153
 242508
 303131
 288347
 442201
 299072
 212373
 170516
 164692
 191450
 202926
 307526
 251164
 183768
 241772
 200056
 91788
 211952
 281679
 265299
 239422
 163941
 158395
 146907
 141169
 193674
 141344
 274065
 238026
 218513
 214609
 253903
 202601
 156356
 146134
 149731
 179388
 175870
 179654
 199101
 170132
 178829
 120775
 223299
 113106
 117062
 202163
 91651
 118359
 96736
 102648
 87433
 138746
 135087
 229547
 139683
 101564
 166802
 146384
 147231
 89699
 54647
 176825
 221548
 129366
 172830
 115489
 198652
 71816
 114152
 135172
 127594
 139977
 120310
 126349
 132140
 129448
 160883
 115320
 155723
 74749
 109299
 114989
 81855
 128968
 95732
 119486
 122682
 156211
 138616
 248923
 79022
 238391
 120780
 130966
 103304
 144251
 252069
 135329
 231502
 249007
 190896
 164844
 154157
 211421
 151530
 130812
 300789
 226333
 149388
 65670
 134384
 143599
 122369
 148263
 88273
 135346
 133624
 106135
 110244
 210884
 174153
 200632
 188640
 183206
 41016
 124543
 36462
 277870
 251183
 176936
 187104
 218255
 180549
 154113
 156820
 182917
 182300
 140792
 90078
 63566
 70915
 126332
 139657
 178992
 131594
 146400
 246156
 224124
 127624
 190192
 201340
 272714
 188967
 332277
 228368
 219073
 184584
 191650
 179507
 149141
 202880
 197168
 200202
 257017
 200704
 245366
 210148
 229076
 234729
 174797
 170556
 139325
 131658
 109011
 114331
 106193
 106691
 146896
 140080
 136624
 147088
 140799
 122529
 146013
 401153
 349376
 361706
 382592
 311072
 302880
 353107
 349003
 312363
 338829
 264078
 399940
 287709
 249039
 195779
 199708
 211655
 455578
 352952
 316376
 266997
 294221
 186980
 172862
 179460
 170619
 177158
 199530
 203155
 205027
 190241
 277627
 158216
 193768
 177191
 256710
 195445
 311689
 316777
 243394
 267306
 250238
 245157
 279169
 260580
 356156
 220262
 200422
 268136
 227885
 281655
 259883
 269055
 216713
 197966
 175199
 170871
 137217
 207126
 196181
 157762
 116396
 146834
 209868
 225209
 180995
 143167
 166028
 168079
 161819
 126421
 130106
 107105
 137248
 107902
 97268
 302338
 230307
 251492
 211867
 191190
 169707
 177326
 316948
 203598
 236890
 219001
 215542
 152779
 144216
 253946
 100408
 167159
 231624
 177999
 141080
 107415
 146648
 173137
 165834
 170852
 182110
 193563
 102141
 196924
 205586
 242908
 136044
 174109
 153400
 109749
 118282
 114090
 155061
 145739
 137288
 108263
 136152
 134170
 189970
 114340
 68382
 132600
 102791
 108487
 90634
 156846
 48636
 90880
 37197
 206334
 163972
 146142
 175085
 142256
 106284
 149576
 105879
 101709
 96758
 109746
 138573
 167931
 132503
 145498
 137078
 166893
 115676
 128353
 151287
 106302
 120594
 124417
 114960
 27679
 100127
 100819
 184475
 131446
 47008
 128016
 147020
 53559
 137475
 127549
 90671
 94187
 145232
 154429
 168591
 161241
 74635
 136370
 131307
 152354
 137075
 76496
 117818
 126753
 157124
 116852
 103234
 144759
 130601
 137916
 161669
 173852
 19164
 117990
 112550
 152888
 110186
 110356
 171769
 144721
 224045
 125959
 133457
 109687
 130834
 114697
 298577
 294485
 294500
 351597
 338348
 237024
 304327
 219816
 239318
 260057
 182020
 241805
 164089
 215072
 210916
 209560
 213020
 111511
 145320
 252585
 252885
 198940
 206722
 244884
 287384
 225136
 277206
 172218
 113119
 138669
 79164
 144960
 111604
 150367
 119279
 95738
 129011
 136874
 171104
 159129
 151083
 217470
 143271
 215707
 156368
 219612
 117121
 133945
 124380
 232184
 296723
 165830
 48306
 305010
 -94001
 255377
 158219
 193706
 183814
 376576
 319799
 236843
 243040
 221419
 374051
 123716
 191006
 120083
 134646
 146429
 136966
 166503
 195039
 178405
 196088
 193566
 163696
 244837
 187601
 188684
 184190
 196143
 320475
 356398
 39043
 254037
 180945
 261199
 204721
 260424
 213494
 192965
 213636
 134104
 278301
 173588
 290400
 129112
 94100
 111991
 94936
 117980
 102009
 134870
 137424
 287903
 390636
 359952
 375375
 421539
 356331
 280208
 321093
 366065
 280551
 346300
 317981
 314827
 195513
 333941
 217482
 199758
 176154
 224876
 221724
 182473
 177778
 201887
 217148
 221091
 240492
 174268
 229058
 200204
 285419
 309677
 302701
 263628
 302038
 250534
 235584
 265264
 291893
 246654
 208060
 257260
 216450
 194537
 201550
 142720
 176036
 163481
 177820
 202565
 184844
 194433
 105365
 129423
 89233
 92425
 195008
 132417
 271470
 342197
 171242
 144056
 158722
 173081
 273806
 245347
 257356
 258082
 163027
 247103
 205976
 216217
 303294
 213088
 341171
 283810
 223264
 193253
 188363
 219223
 131384
 138079
 144253
 127348
 178588
 102981
 133062
 140066
 43296
 152945
 137217
 93626
 213292
 119580
 185496
 193199
 111831
 101753
 124552
 124780
 181015
 106485
 134694
 80714
 110878
 85180
 154613
 135089
 157199
 151519
 137100
 131245
 95925
 137628
 122832
 106373
 122197
 149982
 96544
 110679
 150208
 126707
 104702
 76771
 118674
 82442
 137314
 146588
 115301
 150442
 94612
 107787
 163144
 33339
 48021
 119604
 140417
 88120
 140316
 148061
 41657
 217405
 131266
 101762
 126314
 145160
 130675
 110525
 99228
 155535
 129090
 146205
 119292
 123803
 116674
 113952
 97826
 93673
 169365
 138468
 136443
 186301
 141822
 41671
 142594
 154928
 123742
 134276
 127869
 112559
 40366
 107204
 132064
 168315
 133074
 183857
 119587
 154543
 96974
 136578
 170032
 129409
 147294
 151871
 222938
 124676
 176963
 195976
 111411
 156535
 254950
 231784
 227216
 222250
 188208
 257769
 394717
 353191
 253478
 190064
 169842
 215993
 193931
 194468
 219818
 159795
 151368
 186149
 230503
 292183
 299230
 240277
 224931
 141712
 240035
 199425
 230121
 191706
 133451
 127146
 168102
 179353
 173441
 314877
 75488
 77776
 94918
 126560
 114803
 90879
 112292
 94075
 173574
 186183
 156974
 132936
 210905
 138530
 151835
 111113
 149616
 221572
 252984
 207909
 116936
 111077
 141494
 101530
 147424
 95217
 155446
 25021
 94830
 122257
 38216
 305910
 284820
 299167
 233159
 128949
 197720
 210419
 284687
 252852
 151742
 222863
 194567
 179612
 256629
 226679
 267503
 320255
 234995
 127637
 183349
 161118
 117444
 117755
 99399
 96540
 134291
 146966
 125115
 111790
 133515
 102802
 201334
 170677
 182604
 212319
 172064
 213547
 160323
 188121
 134859
 183539
 193871
 346617
 417927
 152582
 279943
 353531
 314999
 175546
 193206
 223937
 189092
 160907
 196596
 181243
 197828
 196323
 149735
 98823
 109916
 167294
 180715
 117177
 110599
 141314
 115752
 347180
 272809
 321682
 387917
 321144
 387493
 412626
 360830
 436645
 259873
 321766
 344159
 343195
 313652
 313388
 243253
 237715
 238173
 195067
 193135
 203320
 231731
 289547
 205395
 211671
 175556
 158073
 174066
 176151
 201750
 198578
 180871
 187383
 176091
 242545
 194829
 188325
 198199
 209892
 191305
 200791
 222590
 199759
 196594
 319879
 354357
 301376
 247691
 269093
 293495
 190248
 256809
 234358
 395581
 220322
 235140
 227179
 227971
 232135
 201279
 185883
 239878
 181404
 319167
 261649
 261381
 243526
 150768
 147148
 135221
 192434
 185043
 126850
 103704
 150187
 269553
 152133
 173051
 227999
 189494
 216539
 206723
 216837
 170045
 146557
 185007
 281632
 311472
 238648
 305629
 316755
 152637
 233758
 158934
 177621
 232197
 214077
 250612
 189714
 136673
 115699
 112351
 116504
 161168
 143399
 103734
 190377
 132335
 219173
 143017
 225839
 127088
 40650
 60416
 80741
 146314
 139114
 159936
 180543
 134160
 148800
 148393
 124593
 179438
 106764
 159933
 115685
 147401
 135202
 136436
 135672
 121770
 122699
 101648
 394536
 96892
 128327
 141443
 226670
 140682
 121745
 192176
 106783
 137323
 79237
 131504
 136355
 138318
 139503
 100843
 102958
 125805
 98786
 124785
 123653
 100544
 146867
 121595
 103635
 123939
 205175
 139464
 114847
 158040
 117742
 222559
 99137
 116945
 139424
 135781
 145377
 118384
 93406
 149099
 121840
 136323
 126966
 194679
 133361
 124064
 156460
 78677
 78197
 210362
 217756
 170005
 129244
 24407
 248257
 104596
 102963
 152201
 83069
 161830
 128307
 125315
 95665
 135631
 117015
 140603
 184521
 173397
 143990
 174339
 102994
 197792
 154838
 143235
 65904
 226406
 155040
 90276
 59790
 117548
 153208
 154416
 95581
 491371
 228944
 271447
 291845
 269309
 225502
 222138
 183979
 205277
 219020
 283492
 144497
 178849
 149158
 156856
 223695
 235492
 192246
 228814
 119997
 146501
 153265
 131489
 106682
 141643
 138319
 116953
 254629
 227276
 209041
 236536
 285481
 231988
 242069
 185833
 200126
 179816
 187557
 160663
 133013
 118185
 140448
 139648
 173147
 154962
 165268
 705334
 146200
 150769
 86464
 86807
 119128
 75396
 110397
 174433
 114131
 161644
 142795
 149955
 138270
 187669
 160981
 134796
 114318
 189740
 215862
 120319
 165663
 179942
 228890
 241931
 137489
 125529
 159889
 77246
 5580
 103971
 139317
 112528
 282062
 197495
 189523
 229157
 219257
 162927
 180512
 212339
 252192
 219774
 276523
 181170
 218165
 321968
 201385
 265219
 281799
 577362
 177560
 54643
 78946
 84268
 59538
 151863
 248606
 186774
 179435
 115817
 170897
 158177
 130855
 109970
 179752
 156604
 209067
 260067
 241074
 207814
 186281
 197471
 241428
 305407
 265054
 179133
 167150
 410424
 432786
 333187
 418946
 383277
 287090
 372651
 177108
 178908
 211556
 252512
 197828
 165766
 83122
 186441
 116608
 122494
 115178
 100122
 108220
 151542
 149627
 151207
 134627
 368329
 253789
 249138
 387522
 321747
 335075
 310520
 290463
 337151
 324644
 354414
 274573
 279992
 331068
 284267
 162264
 171972
 179001
 279843
 190855
 197499
 201374
 210121
 162839
 202799
 216089
 254610
 275494
 275246
 383000
 312681
 455604
 293873
 322823
 242599
 287205
 216375
 200193
 383211
 179805
 151882
 199114
 136501
 201515
 185011
 191200
 210652
 158963
 136942
 146035
 107610
 141705
 153806
 82195
 87040
 129256
 115712
 113883
 133513
 238984
 358423
 163490
 137245
 163141
 139539
 182828
 209868
 115355
 194686
 131746
 170662
 172960
 110170
 120356
 147216
 164685
 201003
 154182
 147661
 135001
 126082
 170432
 164867
 138381
 147432
 106814
 125350
 164135
 153601
 146114
 187183
 163423
 170848
 154635
 128204
 164545
 101717
 136575
 128001
 134254
 200165
 163613
 241369
 144371
 69674
 59256
 112014
 167506
 142351
 152676
 151783
 185215
 180170
 305645
 104816
 55901
 114413
 121807
 156896
 84413
 108641
 183207
 157613
 136127
 140730
 145819
 145644
 112835
 103136
 83255
 84385
 88310
 130978
 117586
 53616
 143662
 55296
 200436
 111563
 114774
 76264
 191222
 74363
 114695
 79031
 181053
 129127
 128759
 65458
 113983
 123766
 133693
 140548
 108896
 57894
 192870
 162098
 129721
 127251
 176959
 179516
 142159
 139502
 93939
 207729
 141145
 129972
 193694
 132945
 94088
 207377
 308126
 190685
 180782
 132807
 130816
 241627
 225375
 228637
 197275
 241871
 299822
 217894
 220290
 206811
 179639
 143609
 169542
 216260
 203789
 235065
 159022
 203124
 123430
 213445
 222713
 232021
 198629
 290227
 223540
 246579
 234505
 150580
 205101
 203977
 194066
 212597
 106145
 116559
 140630
 215871
 153329
 273327
 147946
 167832
 90118
 116740
 101830
 134036
 79079
 5731
 76758
 163883
 136030
 171815
 139854
 167632
 119731
 101679
 113122
 171701
 190657
 202757
 188465
 226203
 109765
 146271
 60751
 65661
 137783
 35142
 87837
 29056
 328824
 286395
 224708
 163224
 227627
 180251
 183390
 192619
 316276
 336933
 38025
 228645
 98470
 124751
 151514
 70740
 55084
 160085
 63690
 58447
 80093
 69076
 183947
 118466
 258663


